odom2 1 -0.995595 -0.0837204 -0.0479343 0.0027647496779314 0.0031695932260456 0.0003505008195033                       
odom2 2 -1.0518203333709 -0.0019370909692172 0.0178711 0.0027647496779314 0.0031695932260456 0.0003505008195033                       
odom2 3 -0.9660181372685 0.0050444173414881 -0.0133596 0.0027647496779314 0.0031695932260456 0.0003505008195033                       
odom2 4 -1.0005405189743 0.036798408118924 -0.010965 0.0027647496779314 0.0031695932260456 0.0003505008195033                       
odom2 5 -1.0076957084965 -0.067407208612834 1.557395 0.0027647496779314 0.0031695932260456 0.0003505008195033                       
odom2 6 -0.99906454530121 -0.059971597268485 -0.0073499999999997 0.0027647496779314 0.0031695932260456 0.0003505008195033                       
odom2 7 -0.95770802325944 -0.051729610529133 -0.011670000000001 0.0027647496779314 0.0031695932260456 0.0003505008195033                       
odom2 8 -0.98638657856373 0.019864949769209 -0.01502 0.0027647496779314 0.0031695932260456 0.0003505008195033                       
odom2 9 -1.0027194941768 -0.032116047357053 -0.00413 0.0027647496779314 0.0031695932260456 0.0003505008195033                       
odom2 10 -0.99122358802436 -0.092431155700382 1.51993 0.0027647496779314 0.0031695932260456 0.0003505008195033                       
odom2 11 -0.99011097302505 -0.078046691764501 -0.0045200000000003 0.0027647496779314 0.0031695932260456 0.0003505008195033                       
odom2 12 -1.0287086300826 -0.017941287399422 -0.0078500000000004 0.0027647496779314 0.0031695932260456 0.0003505008195033                       
odom2 13 -1.0337172609226 -0.10216584395277 -0.014629999999999 0.0027647496779314 0.0031695932260456 0.0003505008195033                       
odom2 14 -1.0560587058074 -0.120651766205 -0.01806 0.0027647496779314 0.0031695932260456 0.0003505008195033                       
odom2 15 -0.96459616972121 -0.13518332109834 1.5632953071796 0.0027647496779314 0.0031695932260456 0.0003505008195033                       
odom2 16 -1.0708127664119 0.063046071988734 -0.0054800000000002 0.0027647496779314 0.0031695932260456 0.0003505008195033                       
odom2 17 -0.98331951782771 -0.082507686666607 0.0108 0.0027647496779314 0.0031695932260456 0.0003505008195033                       
odom2 18 -0.99751880137762 -0.043814391735598 0.00027999999999984 0.0027647496779314 0.0031695932260456 0.0003505008195033                       
odom2 19 -1.0032209784703 -0.082213981055826 -0.0047499999999998 0.0027647496779314 0.0031695932260456 0.0003505008195033                       
odom2 20 -1.0388971135773 0.058583099496894 1.559979 0.0027647496779314 0.0031695932260456 0.0003505008195033                       
odom2 21 -0.99612475488998 -0.0085667782170667 0.008362 0.0027647496779314 0.0031695932260456 0.0003505008195033                       
odom2 22 -0.93041636839322 -0.091700603225809 -0.011771 0.0027647496779314 0.0031695932260456 0.0003505008195033                       
odom2 23 -1.074964364987 -0.062768559131194 0.015479 0.0027647496779314 0.0031695932260456 0.0003505008195033                       
odom2 24 -1.0658033168391 0.042507842379412 0.029924 0.0027647496779314 0.0031695932260456 0.0003505008195033                       
odom2 25 -0.95965009115999 0.018908196969081 1.606817 0.0027647496779314 0.0031695932260456 0.0003505008195033                       
odom2 26 -1.1662310129925 0.044790830517819 -0.02101 0.0027647496779314 0.0031695932260456 0.0003505008195033                       
odom2 27 -1.0859356413814 -0.072156087328723 -0.046939999999999 0.0027647496779314 0.0031695932260456 0.0003505008195033                       
odom2 28 -1.0131344124605 -0.085304907761743 -0.020020000000001 0.0027647496779314 0.0031695932260456 0.0003505008195033                       
odom2 29 -0.97246734753839 0.074401061629833 0.0036900000000006 0.0027647496779314 0.0031695932260456 0.0003505008195033                       
odom2 30 -0.97728248321713 0.030146326425754 1.55189 0.0027647496779314 0.0031695932260456 0.0003505008195033                       
odom2 31 -0.91534272994959 -0.050503092266066 0.03755 0.0027647496779314 0.0031695932260456 0.0003505008195033                       
odom2 32 -1.0012395440868 -0.034890243002312 0.02556 0.0027647496779314 0.0031695932260456 0.0003505008195033                       
odom2 33 -1.0056444477956 0.0018906660102163 0.009269999999999 0.0027647496779314 0.0031695932260456 0.0003505008195033                       
odom2 34 -1.0286639189462 0.017979228523203 -0.0074199999999998 0.0027647496779314 0.0031695932260456 0.0003505008195033                       
odom2 35 -1.0982277825698 -0.13177446154988 1.5430253071796 0.0027647496779314 0.0031695932260456 0.0003505008195033                       
odom2 36 -0.93354480476205 -0.076895315395024 -0.02664 0.0027647496779314 0.0031695932260456 0.0003505008195033                       
odom2 37 -0.97698143566591 -0.11451151561565 0.00362 0.0027647496779314 0.0031695932260456 0.0003505008195033                       
odom2 38 -0.94761019731108 -0.0032885822260202 0.00743 0.0027647496779314 0.0031695932260456 0.0003505008195033                       
odom2 39 -1.1165844067314 -0.02567292792552 -0.0072699999999999 0.0027647496779314 0.0031695932260456 0.0003505008195033                       
odom2 40 -0.96181941707883 -0.1074680364906 1.550768 0.0027647496779314 0.0031695932260456 0.0003505008195033                       
odom2 41 -1.0230641104552 0.059649848050265 0.018146 0.0027647496779314 0.0031695932260456 0.0003505008195033                       
odom2 42 -1.0142303717729 0.020322654647544 -0.007914 0.0027647496779314 0.0031695932260456 0.0003505008195033                       
odom2 43 -1.0646231296198 -0.063776111848298 -0.010708 0.0027647496779314 0.0031695932260456 0.0003505008195033                       
odom2 44 -1.029112061644 0.0056061372541837 -0.0091019999999999 0.0027647496779314 0.0031695932260456 0.0003505008195033                       
odom2 45 -1.0376850043728 -0.03432996575748 1.57162 0.0027647496779314 0.0031695932260456 0.0003505008195033                       
odom2 46 -0.97687123501182 0.010923557821809 -0.01324 0.0027647496779314 0.0031695932260456 0.0003505008195033                       
odom2 47 -1.0208951808051 -0.16987287978067 0.030279999999999 0.0027647496779314 0.0031695932260456 0.0003505008195033                       
odom2 48 -0.96901118664299 -0.073172378400282 -0.0035299999999996 0.0027647496779314 0.0031695932260456 0.0003505008195033                       
odom2 49 -1.0169981952539 -0.014599823640869 -0.00037999999999982 0.0027647496779314 0.0031695932260456 0.0003505008195033                       
odom2 50 -0.87984075068766 0.034821396143378 1.57314 0.0027647496779314 0.0031695932260456 0.0003505008195033                       
odom2 51 -0.99320557449303 -0.014330736058354 -0.0011599999999996 0.0027647496779314 0.0031695932260456 0.0003505008195033                       
odom2 52 -1.0351294025403 0.017304132353241 0.02727 0.0027647496779314 0.0031695932260456 0.0003505008195033                       
odom2 53 -0.99201628476825 0.011853879305842 -0.0213 0.0027647496779314 0.0031695932260456 0.0003505008195033                       
odom2 54 -0.92963618851403 -0.081931774087382 0.0056700000000003 0.0027647496779314 0.0031695932260456 0.0003505008195033                       
odom2 55 -1.0303381382996 -0.025353252067675 1.5745153071796 0.0027647496779314 0.0031695932260456 0.0003505008195033                       
odom2 56 -0.98902460256449 0.024883880769689 -0.01389 0.0027647496779314 0.0031695932260456 0.0003505008195033                       
odom2 57 -1.0498076203862 -0.0079518468861324 -0.00682 0.0027647496779314 0.0031695932260456 0.0003505008195033                       
odom2 58 -0.93270664496988 -0.067467272876487 -0.03347 0.0027647496779314 0.0031695932260456 0.0003505008195033                       
odom2 59 -0.94801325782664 -0.10874204214063 0.0079799999999999 0.0027647496779314 0.0031695932260456 0.0003505008195033                       
odom2 60 -1.0581410337805 -0.0095872619084156 -1.5752253071796 0.0027647496779314 0.0031695932260456 0.0003505008195033                       
odom2 61 -0.92625592814687 -0.12890338586237 -0.01568 0.0027647496779314 0.0031695932260456 0.0003505008195033                       
odom2 62 -0.97577128072494 0.041277344408451 0.02492 0.0027647496779314 0.0031695932260456 0.0003505008195033                       
odom2 63 -0.99549385715581 0.052292544306535 -0.01554 0.0027647496779314 0.0031695932260456 0.0003505008195033                       
odom2 64 -0.98973004660367 -0.0043512424552645 0.01763 0.0027647496779314 0.0031695932260456 0.0003505008195033                       
odom2 65 -1.0263140293718 -0.099581355255948 -1.57455 0.0027647496779314 0.0031695932260456 0.0003505008195033                       
odom2 66 -0.9833230800821 -0.0021681046669831 0.01092 0.0027647496779314 0.0031695932260456 0.0003505008195033                       
odom2 67 -0.98162027050963 -0.0069878698186125 -0.0090399999999997 0.0027647496779314 0.0031695932260456 0.0003505008195033                       
odom2 68 -1.0036548555934 -0.016935449326037 0.013739999999999 0.0027647496779314 0.0031695932260456 0.0003505008195033                       
odom2 69 -0.92642016151997 -0.033533048315234 -0.01471 0.0027647496779314 0.0031695932260456 0.0003505008195033                       
odom2 70 -0.91594369739336 0.0083352567678396 1.58622 0.0027647496779314 0.0031695932260456 0.0003505008195033                       
odom2 71 -1.0649952886792 0.03842570091902 0.01291 0.0027647496779314 0.0031695932260456 0.0003505008195033                       
odom2 72 -1.0518108490358 0.031279928876768 -0.0058199999999999 0.0027647496779314 0.0031695932260456 0.0003505008195033                       
odom2 73 -1.0408837120317 -0.060076837692955 -0.0298 0.0027647496779314 0.0031695932260456 0.0003505008195033                       
odom2 74 -1.0117004205384 -0.094704589553425 -0.025220000000001 0.0027647496779314 0.0031695932260456 0.0003505008195033                       
odom2 75 -1.0856031347775 0.029767113753824 1.5683453071796 0.0027647496779314 0.0031695932260456 0.0003505008195033                       
odom2 76 -0.90411559547177 -0.026339182309276 -0.0046599999999999 0.0027647496779314 0.0031695932260456 0.0003505008195033                       
odom2 77 -0.87419115272952 -0.033368712732728 0.0029899999999998 0.0027647496779314 0.0031695932260456 0.0003505008195033                       
odom2 78 -1.0162302181175 -0.0065143675704776 0.01211 0.0027647496779314 0.0031695932260456 0.0003505008195033                       
odom2 79 -0.96763380331378 0.0040518001554157 -0.01327 0.0027647496779314 0.0031695932260456 0.0003505008195033                       
odom2 80 -1.0060428531948 -0.050989049173552 1.517074 0.0027647496779314 0.0031695932260456 0.0003505008195033                       
odom2 81 -1.0583681455071 -0.073439504191343 0.021374 0.0027647496779314 0.0031695932260456 0.0003505008195033                       
odom2 82 -0.93763890240303 0.08787605874436 -0.013237 0.0027647496779314 0.0031695932260456 0.0003505008195033                       
odom2 83 -0.96902162188206 -0.0091826643767554 0.0077579999999999 0.0027647496779314 0.0031695932260456 0.0003505008195033                       
odom2 84 -1.1345260959248 0.088671384705855 0.033925 0.0027647496779314 0.0031695932260456 0.0003505008195033                       
odom2 85 -0.98014754250819 -0.029624432891614 -1.547474 0.0027647496779314 0.0031695932260456 0.0003505008195033                       
odom2 86 -1.0423219113114 0.070853908884598 0.02207 0.0027647496779314 0.0031695932260456 0.0003505008195033                       
odom2 87 -0.99305192050787 0.067504515683275 -0.0063199999999999 0.0027647496779314 0.0031695932260456 0.0003505008195033                       
odom2 88 -0.98088301599555 -0.0018224037646285 0.0034700000000001 0.0027647496779314 0.0031695932260456 0.0003505008195033                       
odom2 89 -0.98931338808713 -0.027220151571291 0.02762 0.0027647496779314 0.0031695932260456 0.0003505008195033                       
odom2 90 -0.97222200959476 0.040458884803328 1.570353 0.0027647496779314 0.0031695932260456 0.0003505008195033                       
odom2 91 -1.019061789599 -0.072236929470206 -0.0023710000000001 0.0027647496779314 0.0031695932260456 0.0003505008195033                       
odom2 92 -1.06072578685 -0.0050718745523385 -0.013294 0.0027647496779314 0.0031695932260456 0.0003505008195033                       
odom2 93 -0.95805131143894 -0.055128851340564 -0.018457 0.0027647496779314 0.0031695932260456 0.0003505008195033                       
odom2 94 -1.0254393966243 -0.061506279767791 0.021002 0.0027647496779314 0.0031695932260456 0.0003505008195033                       
odom2 95 -1.0976119297141 -0.0094933739688182 1.594107 0.0027647496779314 0.0031695932260456 0.0003505008195033                       
odom2 96 -1.0034064649925 0.036428572730451 -0.0024500000000005 0.0027647496779314 0.0031695932260456 0.0003505008195033                       
odom2 97 -1.0818614290054 -0.037453683802295 0.01634 0.0027647496779314 0.0031695932260456 0.0003505008195033                       
odom2 98 -1.0048878982004 0.031814055860785 -0.012650000000001 0.0027647496779314 0.0031695932260456 0.0003505008195033                       
odom2 99 -0.97528562550863 -0.069318617933671 0.0146728 0.0027647496779314 0.0031695932260456 0.0003505008195033                       
range_lm2 0 11.744839109069 0.25 1 0                         
range_lm2 0 12.994254142863 0.25 2 0                         
range_lm2 0 13.63610460321 0.25 3 0                         
range_lm2 0 11.929909670675 0.25 4 0                         
range_lm2 0 10.700666262675 0.25 5 0                         
range_lm2 0 9.5316490184702 0.25 6 0                         
range_lm2 0 7.6513652350188 0.25 7 0                         
range_lm2 0 8.5475780695559 0.25 8 0                         
range_lm2 0 9.3452234899312 0.25 9 0                         
range_lm2 1 12.40531611333 0.25 1 0                         
range_lm2 1 14.761614441116 0.25 2 0                         
range_lm2 1 13.878794566068 0.25 3 0                         
range_lm2 1 12.827484707777 0.25 4 0                         
range_lm2 1 11.898514506511 0.25 5 0                         
range_lm2 1 8.2059680020742 0.25 6 0                         
range_lm2 1 6.8910140030935 0.25 7 0                         
range_lm2 1 7.6547933046007 0.25 8 0                         
range_lm2 1 10.170691630355 0.25 9 0                         
range_lm2 2 12.215608038799 0.25 1 0                         
range_lm2 2 14.087981974544 0.25 2 0                         
range_lm2 2 15.104288097233 0.25 3 0                         
range_lm2 2 13.734508434542 0.25 4 0                         
range_lm2 2 10.585656370149 0.25 5 0                         
range_lm2 2 7.4902403249019 0.25 6 0                         
range_lm2 2 5.2524068442693 0.25 7 0                         
range_lm2 2 6.9856198288915 0.25 8 0                         
range_lm2 2 10.135103082625 0.25 9 0                         
range_lm2 3 13.750066071366 0.25 1 0                         
range_lm2 3 14.977904704043 0.25 2 0                         
range_lm2 3 14.93965149104 0.25 3 0                         
range_lm2 3 14.950192596304 0.25 4 0                         
range_lm2 3 11.811166956539 0.25 5 0                         
range_lm2 3 8.1310302744954 0.25 6 0                         
range_lm2 3 4.969447467669 0.25 7 0                         
range_lm2 3 6.2061411630652 0.25 8 0                         
range_lm2 3 11.000587577706 0.25 9 0                         
range_lm2 4 14.036393311693 0.25 1 0                         
range_lm2 4 16.708736355316 0.25 2 0                         
range_lm2 4 15.853248915758 0.25 3 0                         
range_lm2 4 14.756023099075 0.25 4 0                         
range_lm2 4 11.958237242167 0.25 5 0                         
range_lm2 4 8.1207246052424 0.25 6 0                         
range_lm2 4 4.4321514912375 0.25 7 0                         
range_lm2 4 7.1104486047457 0.25 8 0                         
range_lm2 4 9.4079386351994 0.25 9 0                         
range_lm2 5 13.980729623643 0.25 1 0                         
range_lm2 5 17.263403312903 0.25 2 0                         
range_lm2 5 17.498698444783 0.25 3 0                         
range_lm2 5 15.843440975962 0.25 4 0                         
range_lm2 5 13.379934852204 0.25 5 0                         
range_lm2 5 7.8650859827076 0.25 6 0                         
range_lm2 5 3.6095798887383 0.25 7 0                         
range_lm2 5 5.5881603640365 0.25 8 0                         
range_lm2 5 9.8124869101039 0.25 9 0                         
range_lm2 6 15.91038108287 0.25 1 0                         
range_lm2 6 17.603147128652 0.25 2 0                         
range_lm2 6 17.528390816015 0.25 3 0                         
range_lm2 6 15.818440995353 0.25 4 0                         
range_lm2 6 12.300390912307 0.25 5 0                         
range_lm2 6 7.6358413578597 0.25 6 0                         
range_lm2 6 3.0084368011452 0.25 7 0                         
range_lm2 6 5.5875441084422 0.25 8 0                         
range_lm2 6 11.965555986207 0.25 9 0                         
range_lm2 7 15.969767664731 0.25 1 0                         
range_lm2 7 19.030584199516 0.25 2 0                         
range_lm2 7 18.146373318717 0.25 3 0                         
range_lm2 7 15.804966722592 0.25 4 0                         
range_lm2 7 11.165270695449 0.25 5 0                         
range_lm2 7 5.6682915926827 0.25 6 0                         
range_lm2 7 2.4810217481922 0.25 7 0                         
range_lm2 7 6.7746976858362 0.25 8 0                         
range_lm2 7 12.082116525763 0.25 9 0                         
range_lm2 8 17.578276732141 0.25 1 0                         
range_lm2 8 18.231898439446 0.25 2 0                         
range_lm2 8 17.849458718409 0.25 3 0                         
range_lm2 8 15.89418968062 0.25 4 0                         
range_lm2 8 10.357246719181 0.25 5 0                         
range_lm2 8 4.9983107437794 0.25 6 0                         
range_lm2 8 3.4202326543278 0.25 7 0                         
range_lm2 8 8.5021453788586 0.25 8 0                         
range_lm2 8 13.678697005454 0.25 9 0                         
range_lm2 9 17.567575562062 0.25 1 0                         
range_lm2 9 18.908895044476 0.25 2 0                         
range_lm2 9 18.782729029926 0.25 3 0                         
range_lm2 9 15.822609723757 0.25 4 0                         
range_lm2 9 9.9075371090564 0.25 5 0                         
range_lm2 9 3.7255368279769 0.25 6 0                         
range_lm2 9 3.5331796425765 0.25 7 0                         
range_lm2 9 9.0975011526229 0.25 8 0                         
range_lm2 9 14.047875382473 0.25 9 0                         
range_lm2 10 17.561014974206 0.25 1 0                         
range_lm2 10 18.728773772944 0.25 2 0                         
range_lm2 10 18.106409469825 0.25 3 0                         
range_lm2 10 14.247122598577 0.25 4 0                         
range_lm2 10 9.9616791154824 0.25 5 0                         
range_lm2 10 2.2090876124118 0.25 6 0                         
range_lm2 10 3.7970771809805 0.25 7 0                         
range_lm2 10 10.624469748013 0.25 8 0                         
range_lm2 10 15.60654006504 0.25 9 0                         
range_lm2 11 17.748017894939 0.25 1 0                         
range_lm2 11 18.158736407161 0.25 2 0                         
range_lm2 11 15.95185635907 0.25 3 0                         
range_lm2 11 13.356418755133 0.25 4 0                         
range_lm2 11 8.7494636104678 0.25 5 0                         
range_lm2 11 2.9931742270525 0.25 6 0                         
range_lm2 11 4.2994452253941 0.25 7 0                         
range_lm2 11 11.050840444684 0.25 8 0                         
range_lm2 11 15.517145145998 0.25 9 0                         
range_lm2 12 17.330977121269 0.25 1 0                         
range_lm2 12 17.874383760015 0.25 2 0                         
range_lm2 12 16.192698079619 0.25 3 0                         
range_lm2 12 12.710890135092 0.25 4 0                         
range_lm2 12 8.1640957823961 0.25 5 0                         
range_lm2 12 3.1097273098791 0.25 6 0                         
range_lm2 12 6.5842836910904 0.25 7 0                         
range_lm2 12 10.289215869665 0.25 8 0                         
range_lm2 12 14.827833399853 0.25 9 0                         
range_lm2 13 16.525537773963 0.25 1 0                         
range_lm2 13 16.691799139061 0.25 2 0                         
range_lm2 13 14.350700825757 0.25 3 0                         
range_lm2 13 12.236570172009 0.25 4 0                         
range_lm2 13 7.1444760720431 0.25 5 0                         
range_lm2 13 3.7209698270704 0.25 6 0                         
range_lm2 13 6.6966119014641 0.25 7 0                         
range_lm2 13 10.876745768791 0.25 8 0                         
range_lm2 13 14.709546397881 0.25 9 0                         
range_lm2 14 16.920062196421 0.25 1 0                         
range_lm2 14 16.204107203085 0.25 2 0                         
range_lm2 14 14.455874117958 0.25 3 0                         
range_lm2 14 11.019278610187 0.25 4 0                         
range_lm2 14 7.0332824832548 0.25 5 0                         
range_lm2 14 4.1845296247024 0.25 6 0                         
range_lm2 14 7.1694897903492 0.25 7 0                         
range_lm2 14 11.866500661666 0.25 8 0                         
range_lm2 14 14.395637310988 0.25 9 0                         
range_lm2 15 16.654028358172 0.25 1 0                         
range_lm2 15 14.938030772792 0.25 2 0                         
range_lm2 15 13.773405478607 0.25 3 0                         
range_lm2 15 10.550353660163 0.25 4 0                         
range_lm2 15 5.3972748254158 0.25 5 0                         
range_lm2 15 5.8178133656409 0.25 6 0                         
range_lm2 15 8.7190749006905 0.25 7 0                         
range_lm2 15 12.245267672219 0.25 8 0                         
range_lm2 15 14.787783323391 0.25 9 0                         
range_lm2 16 15.052783431341 0.25 1 0                         
range_lm2 16 15.272721562573 0.25 2 0                         
range_lm2 16 12.7003185457 0.25 3 0                         
range_lm2 16 9.7895864673526 0.25 4 0                         
range_lm2 16 8.5093508998819 0.25 5 0                         
range_lm2 16 6.6614036518715 0.25 6 0                         
range_lm2 16 8.6806507055172 0.25 7 0                         
range_lm2 16 11.838302828593 0.25 8 0                         
range_lm2 16 13.896954501027 0.25 9 0                         
range_lm2 17 13.365978917283 0.25 1 0                         
range_lm2 17 14.133552458868 0.25 2 0                         
range_lm2 17 13.275003589899 0.25 3 0                         
range_lm2 17 10.87074626896 0.25 4 0                         
range_lm2 17 8.7079114587803 0.25 5 0                         
range_lm2 17 7.2059926185937 0.25 6 0                         
range_lm2 17 8.1552019899802 0.25 7 0                         
range_lm2 17 10.285086598287 0.25 8 0                         
range_lm2 17 12.771625953566 0.25 9 0                         
range_lm2 18 13.594092415321 0.25 1 0                         
range_lm2 18 13.438059322096 0.25 2 0                         
range_lm2 18 12.619318632609 0.25 3 0                         
range_lm2 18 11.775827736958 0.25 4 0                         
range_lm2 18 8.7931321144348 0.25 5 0                         
range_lm2 18 6.5971941474861 0.25 6 0                         
range_lm2 18 6.7460964428213 0.25 7 0                         
range_lm2 18 9.9222734938529 0.25 8 0                         
range_lm2 18 11.677308097115 0.25 9 0                         
range_lm2 19 12.258801751226 0.25 1 0                         
range_lm2 19 13.100852025291 0.25 2 0                         
range_lm2 19 12.885464989067 0.25 3 0                         
range_lm2 19 11.116256053858 0.25 4 0                         
range_lm2 19 9.8107679194864 0.25 5 0                         
range_lm2 19 7.1281461062544 0.25 6 0                         
range_lm2 19 7.4166523260554 0.25 7 0                         
range_lm2 19 8.887721825625 0.25 8 0                         
range_lm2 19 11.06011742818 0.25 9 0                         
range_lm2 20 11.734425741949 0.25 1 0                         
range_lm2 20 13.359977381137 0.25 2 0                         
range_lm2 20 13.810448468801 0.25 3 0                         
range_lm2 20 12.479981865723 0.25 4 0                         
range_lm2 20 10.380229195469 0.25 5 0                         
range_lm2 20 9.3635331219027 0.25 6 0                         
range_lm2 20 8.6760409754384 0.25 7 0                         
range_lm2 20 8.9922727705521 0.25 8 0                         
range_lm2 20 9.9781695202934 0.25 9 0                         
range_lm2 21 11.422855606145 0.25 1 0                         
range_lm2 21 12.999427585593 0.25 2 0                         
range_lm2 21 13.777010935866 0.25 3 0                         
range_lm2 21 13.288928325311 0.25 4 0                         
range_lm2 21 10.773268107609 0.25 5 0                         
range_lm2 21 7.8905556180432 0.25 6 0                         
range_lm2 21 7.7398049463022 0.25 7 0                         
range_lm2 21 7.4449077472755 0.25 8 0                         
range_lm2 21 10.3673808543 0.25 9 0                         
range_lm2 22 12.978681595638 0.25 1 0                         
range_lm2 22 13.919241493659 0.25 2 0                         
range_lm2 22 14.979639411734 0.25 3 0                         
range_lm2 22 14.166012325959 0.25 4 0                         
range_lm2 22 11.080793889501 0.25 5 0                         
range_lm2 22 8.0048815613271 0.25 6 0                         
range_lm2 22 6.2786323629079 0.25 7 0                         
range_lm2 22 6.4567913671049 0.25 8 0                         
range_lm2 22 9.5676909730824 0.25 9 0                         
range_lm2 23 14.079436121408 0.25 1 0                         
range_lm2 23 15.336983908985 0.25 2 0                         
range_lm2 23 16.172400089522 0.25 3 0                         
range_lm2 23 14.409670593256 0.25 4 0                         
range_lm2 23 11.081438456867 0.25 5 0                         
range_lm2 23 7.9006823238858 0.25 6 0                         
range_lm2 23 4.8917276323492 0.25 7 0                         
range_lm2 23 6.4624634209456 0.25 8 0                         
range_lm2 23 9.7981866776605 0.25 9 0                         
range_lm2 24 14.618513970767 0.25 1 0                         
range_lm2 24 15.425438610384 0.25 2 0                         
range_lm2 24 17.133392815804 0.25 3 0                         
range_lm2 24 15.233582804982 0.25 4 0                         
range_lm2 24 12.831387690787 0.25 5 0                         
range_lm2 24 8.081450360553 0.25 6 0                         
range_lm2 24 5.0672496111089 0.25 7 0                         
range_lm2 24 5.6512977446248 0.25 8 0                         
range_lm2 24 10.127849728154 0.25 9 0                         
range_lm2 25 15.082429514462 0.25 1 0                         
range_lm2 25 17.930736127245 0.25 2 0                         
range_lm2 25 17.329443349855 0.25 3 0                         
range_lm2 25 15.037710606011 0.25 4 0                         
range_lm2 25 12.808281032435 0.25 5 0                         
range_lm2 25 8.2028798169904 0.25 6 0                         
range_lm2 25 4.1369124321252 0.25 7 0                         
range_lm2 25 5.3560891424145 0.25 8 0                         
range_lm2 25 10.658721407299 0.25 9 0                         
range_lm2 26 15.862687131303 0.25 1 0                         
range_lm2 26 17.422061980437 0.25 2 0                         
range_lm2 26 17.352470113763 0.25 3 0                         
range_lm2 26 15.780073886978 0.25 4 0                         
range_lm2 26 11.215396336831 0.25 5 0                         
range_lm2 26 7.3361347189654 0.25 6 0                         
range_lm2 26 2.4392153916843 0.25 7 0                         
range_lm2 26 5.6720793203195 0.25 8 0                         
range_lm2 26 11.57766282437 0.25 9 0                         
range_lm2 27 16.48220571652 0.25 1 0                         
range_lm2 27 17.990715960001 0.25 2 0                         
range_lm2 27 18.106807359269 0.25 3 0                         
range_lm2 27 15.854982925855 0.25 4 0                         
range_lm2 27 11.676717482419 0.25 5 0                         
range_lm2 27 5.9859564320202 0.25 6 0                         
range_lm2 27 2.9786454969096 0.25 7 0                         
range_lm2 27 7.1468695942618 0.25 8 0                         
range_lm2 27 13.248802029184 0.25 9 0                         
range_lm2 28 16.627326855112 0.25 1 0                         
range_lm2 28 17.954748376985 0.25 2 0                         
range_lm2 28 17.566155995519 0.25 3 0                         
range_lm2 28 14.768366089905 0.25 4 0                         
range_lm2 28 9.9673269857133 0.25 5 0                         
range_lm2 28 4.4605620596619 0.25 6 0                         
range_lm2 28 3.9392327065823 0.25 7 0                         
range_lm2 28 8.4360066374964 0.25 8 0                         
range_lm2 28 12.985512747554 0.25 9 0                         
range_lm2 29 18.290308969551 0.25 1 0                         
range_lm2 29 18.51811882674 0.25 2 0                         
range_lm2 29 18.739897443819 0.25 3 0                         
range_lm2 29 14.666049480843 0.25 4 0                         
range_lm2 29 9.540389739156 0.25 5 0                         
range_lm2 29 4.7727185687113 0.25 6 0                         
range_lm2 29 3.299741191161 0.25 7 0                         
range_lm2 29 9.3906854052711 0.25 8 0                         
range_lm2 29 14.770731541487 0.25 9 0                         
range_lm2 30 18.693395134788 0.25 1 0                         
range_lm2 30 19.184295416987 0.25 2 0                         
range_lm2 30 17.06795075497 0.25 3 0                         
range_lm2 30 14.179616186534 0.25 4 0                         
range_lm2 30 9.6417862691318 0.25 5 0                         
range_lm2 30 3.6728988899241 0.25 6 0                         
range_lm2 30 4.3842391612999 0.25 7 0                         
range_lm2 30 10.836646810691 0.25 8 0                         
range_lm2 30 15.533445135651 0.25 9 0                         
range_lm2 31 18.694250299291 0.25 1 0                         
range_lm2 31 19.410018019712 0.25 2 0                         
range_lm2 31 16.845821918128 0.25 3 0                         
range_lm2 31 13.604411781525 0.25 4 0                         
range_lm2 31 8.8153311486455 0.25 5 0                         
range_lm2 31 3.6953201363018 0.25 6 0                         
range_lm2 31 5.0578688506832 0.25 7 0                         
range_lm2 31 10.315546062637 0.25 8 0                         
range_lm2 31 15.133710495945 0.25 9 0                         
range_lm2 32 16.759672256125 0.25 1 0                         
range_lm2 32 17.56718108172 0.25 2 0                         
range_lm2 32 15.726106280487 0.25 3 0                         
range_lm2 32 12.712852389993 0.25 4 0                         
range_lm2 32 7.6561086810446 0.25 5 0                         
range_lm2 32 3.8627201320894 0.25 6 0                         
range_lm2 32 5.8880041564683 0.25 7 0                         
range_lm2 32 10.294819415511 0.25 8 0                         
range_lm2 32 15.208439467614 0.25 9 0                         
range_lm2 33 16.428368832007 0.25 1 0                         
range_lm2 33 17.128328587678 0.25 2 0                         
range_lm2 33 16.399298269836 0.25 3 0                         
range_lm2 33 11.434880505799 0.25 4 0                         
range_lm2 33 7.2071680272175 0.25 5 0                         
range_lm2 33 4.3573354054499 0.25 6 0                         
range_lm2 33 6.1409582791781 0.25 7 0                         
range_lm2 33 11.859285091038 0.25 8 0                         
range_lm2 33 14.694109360454 0.25 9 0                         
range_lm2 34 16.887722892137 0.25 1 0                         
range_lm2 34 15.970492421231 0.25 2 0                         
range_lm2 34 15.065718033585 0.25 3 0                         
range_lm2 34 11.288194298738 0.25 4 0                         
range_lm2 34 6.1761390576317 0.25 5 0                         
range_lm2 34 5.3666206593999 0.25 6 0                         
range_lm2 34 7.4024001115865 0.25 7 0                         
range_lm2 34 12.080081557986 0.25 8 0                         
range_lm2 34 14.955990959545 0.25 9 0                         
range_lm2 35 16.063794884689 0.25 1 0                         
range_lm2 35 16.490197249695 0.25 2 0                         
range_lm2 35 12.458289324307 0.25 3 0                         
range_lm2 35 8.9784061559954 0.25 4 0                         
range_lm2 35 6.4474633992893 0.25 5 0                         
range_lm2 35 4.144974660667 0.25 6 0                         
range_lm2 35 8.8704100972034 0.25 7 0                         
range_lm2 35 12.840947104647 0.25 8 0                         
range_lm2 35 14.163564667935 0.25 9 0                         
range_lm2 36 15.129371241655 0.25 1 0                         
range_lm2 36 14.531880587475 0.25 2 0                         
range_lm2 36 13.490008870122 0.25 3 0                         
range_lm2 36 9.7778503276631 0.25 4 0                         
range_lm2 36 7.3660885361162 0.25 5 0                         
range_lm2 36 5.4835034193209 0.25 6 0                         
range_lm2 36 8.6757224275169 0.25 7 0                         
range_lm2 36 11.545705470143 0.25 8 0                         
range_lm2 36 13.316697266656 0.25 9 0                         
range_lm2 37 13.660205934354 0.25 1 0                         
range_lm2 37 14.257390884438 0.25 2 0                         
range_lm2 37 11.905259797635 0.25 3 0                         
range_lm2 37 10.99284157261 0.25 4 0                         
range_lm2 37 8.6439235057509 0.25 5 0                         
range_lm2 37 6.9255848160336 0.25 6 0                         
range_lm2 37 7.3545512544299 0.25 7 0                         
range_lm2 37 10.681192837982 0.25 8 0                         
range_lm2 37 14.031814841991 0.25 9 0                         
range_lm2 38 13.967623830993 0.25 1 0                         
range_lm2 38 13.946462187229 0.25 2 0                         
range_lm2 38 13.278753990208 0.25 3 0                         
range_lm2 38 11.720348928892 0.25 4 0                         
range_lm2 38 8.9560602987403 0.25 5 0                         
range_lm2 38 7.3345551525337 0.25 6 0                         
range_lm2 38 7.7075838933816 0.25 7 0                         
range_lm2 38 9.8804427186316 0.25 8 0                         
range_lm2 38 11.800699196696 0.25 9 0                         
range_lm2 39 12.075453986606 0.25 1 0                         
range_lm2 39 12.705832640335 0.25 2 0                         
range_lm2 39 13.170782254498 0.25 3 0                         
range_lm2 39 11.343252732607 0.25 4 0                         
range_lm2 39 9.3528519153482 0.25 5 0                         
range_lm2 39 7.5403097573443 0.25 6 0                         
range_lm2 39 7.1968069211957 0.25 7 0                         
range_lm2 39 9.4281084591676 0.25 8 0                         
range_lm2 39 10.739396039566 0.25 9 0                         
range_lm2 40 11.905044381629 0.25 1 0                         
range_lm2 40 13.33430192987 0.25 2 0                         
range_lm2 40 12.835872120728 0.25 3 0                         
range_lm2 40 12.620227969781 0.25 4 0                         
range_lm2 40 12.241492407771 0.25 5 0                         
range_lm2 40 8.9292196993434 0.25 6 0                         
range_lm2 40 8.2735000311742 0.25 7 0                         
range_lm2 40 8.2754105682778 0.25 8 0                         
range_lm2 40 10.485404123456 0.25 9 0                         
range_lm2 41 11.950545969921 0.25 1 0                         
range_lm2 41 13.43520838522 0.25 2 0                         
range_lm2 41 14.291553034826 0.25 3 0                         
range_lm2 41 13.017741702489 0.25 4 0                         
range_lm2 41 10.725653246384 0.25 5 0                         
range_lm2 41 7.5915617937755 0.25 6 0                         
range_lm2 41 6.3753752050068 0.25 7 0                         
range_lm2 41 7.4008598234394 0.25 8 0                         
range_lm2 41 10.261350820536 0.25 9 0                         
range_lm2 42 13.10959273462 0.25 1 0                         
range_lm2 42 14.844963721784 0.25 2 0                         
range_lm2 42 15.465979780721 0.25 3 0                         
range_lm2 42 13.729393741478 0.25 4 0                         
range_lm2 42 11.614445290714 0.25 5 0                         
range_lm2 42 8.3211127969984 0.25 6 0                         
range_lm2 42 6.3430847255843 0.25 7 0                         
range_lm2 42 6.8829651893778 0.25 8 0                         
range_lm2 42 10.424923804649 0.25 9 0                         
range_lm2 43 12.635688327514 0.25 1 0                         
range_lm2 43 16.689860734086 0.25 2 0                         
range_lm2 43 15.809943519502 0.25 3 0                         
range_lm2 43 14.038024190487 0.25 4 0                         
range_lm2 43 11.280755010238 0.25 5 0                         
range_lm2 43 8.1192693772274 0.25 6 0                         
range_lm2 43 5.8233950461268 0.25 7 0                         
range_lm2 43 5.8902702590703 0.25 8 0                         
range_lm2 43 10.259221755294 0.25 9 0                         
range_lm2 44 13.700431957805 0.25 1 0                         
range_lm2 44 16.93067825286 0.25 2 0                         
range_lm2 44 16.663062362176 0.25 3 0                         
range_lm2 44 15.100936329765 0.25 4 0                         
range_lm2 44 13.437292362012 0.25 5 0                         
range_lm2 44 8.1870663496314 0.25 6 0                         
range_lm2 44 4.9054256078111 0.25 7 0                         
range_lm2 44 6.3343010799343 0.25 8 0                         
range_lm2 44 10.391739838688 0.25 9 0                         
range_lm2 45 15.521503395107 0.25 1 0                         
range_lm2 45 17.346952811698 0.25 2 0                         
range_lm2 45 18.206438527216 0.25 3 0                         
range_lm2 45 15.585845151178 0.25 4 0                         
range_lm2 45 12.292506529705 0.25 5 0                         
range_lm2 45 8.4610381408302 0.25 6 0                         
range_lm2 45 3.1982682585599 0.25 7 0                         
range_lm2 45 5.2813520833144 0.25 8 0                         
range_lm2 45 10.804935097401 0.25 9 0                         
range_lm2 46 14.21292488838 0.25 1 0                         
range_lm2 46 17.551148546103 0.25 2 0                         
range_lm2 46 17.319532209175 0.25 3 0                         
range_lm2 46 16.131198931618 0.25 4 0                         
range_lm2 46 12.118992382332 0.25 5 0                         
range_lm2 46 6.3173610732214 0.25 6 0                         
range_lm2 46 2.9077180856516 0.25 7 0                         
range_lm2 46 6.3369920163558 0.25 8 0                         
range_lm2 46 11.810561620657 0.25 9 0                         
range_lm2 47 15.930156621327 0.25 1 0                         
range_lm2 47 17.433236331135 0.25 2 0                         
range_lm2 47 17.803568457657 0.25 3 0                         
range_lm2 47 15.72854191261 0.25 4 0                         
range_lm2 47 11.516232060398 0.25 5 0                         
range_lm2 47 6.4202143913502 0.25 6 0                         
range_lm2 47 2.3775978154675 0.25 7 0                         
range_lm2 47 6.9970449153735 0.25 8 0                         
range_lm2 47 12.159389704646 0.25 9 0                         
range_lm2 48 17.295940695728 0.25 1 0                         
range_lm2 48 18.672848365469 0.25 2 0                         
range_lm2 48 18.054732407385 0.25 3 0                         
range_lm2 48 15.624248925778 0.25 4 0                         
range_lm2 48 10.94542982029 0.25 5 0                         
range_lm2 48 5.0119533596223 0.25 6 0                         
range_lm2 48 3.155366712007 0.25 7 0                         
range_lm2 48 9.5164808246796 0.25 8 0                         
range_lm2 48 14.168234378862 0.25 9 0                         
range_lm2 49 17.53248735127 0.25 1 0                         
range_lm2 49 18.065028181591 0.25 2 0                         
range_lm2 49 17.776568242196 0.25 3 0                         
range_lm2 49 14.878979178304 0.25 4 0                         
range_lm2 49 8.9258991504561 0.25 5 0                         
range_lm2 49 4.764008993074 0.25 6 0                         
range_lm2 49 4.2882582272579 0.25 7 0                         
range_lm2 49 9.3803874022712 0.25 8 0                         
range_lm2 49 14.211065401677 0.25 9 0                         
range_lm2 50 18.923907491002 0.25 1 0                         
range_lm2 50 19.86935853926 0.25 2 0                         
range_lm2 50 18.05705221213 0.25 3 0                         
range_lm2 50 14.292502513872 0.25 4 0                         
range_lm2 50 9.429330547083 0.25 5 0                         
range_lm2 50 4.0654358967664 0.25 6 0                         
range_lm2 50 3.5339092065623 0.25 7 0                         
range_lm2 50 11.232107197495 0.25 8 0                         
range_lm2 50 14.453922851377 0.25 9 0                         
range_lm2 51 17.549656912898 0.25 1 0                         
range_lm2 51 18.947688882868 0.25 2 0                         
range_lm2 51 17.692233907379 0.25 3 0                         
range_lm2 51 13.162587979156 0.25 4 0                         
range_lm2 51 8.4227928608538 0.25 5 0                         
range_lm2 51 2.6455668308549 0.25 6 0                         
range_lm2 51 4.2134343638166 0.25 7 0                         
range_lm2 51 11.143442326975 0.25 8 0                         
range_lm2 51 14.907979873837 0.25 9 0                         
range_lm2 52 17.441449696275 0.25 1 0                         
range_lm2 52 18.8897937602 0.25 2 0                         
range_lm2 52 16.326759733299 0.25 3 0                         
range_lm2 52 12.608597959678 0.25 4 0                         
range_lm2 52 8.1383136219111 0.25 5 0                         
range_lm2 52 3.4100481668891 0.25 6 0                         
range_lm2 52 5.1865830280262 0.25 7 0                         
range_lm2 52 11.228724746568 0.25 8 0                         
range_lm2 52 14.993009806105 0.25 9 0                         
range_lm2 53 16.881478025494 0.25 1 0                         
range_lm2 53 17.405628737739 0.25 2 0                         
range_lm2 53 15.274426997042 0.25 3 0                         
range_lm2 53 11.37972310402 0.25 4 0                         
range_lm2 53 6.5026338652128 0.25 5 0                         
range_lm2 53 4.1100229042528 0.25 6 0                         
range_lm2 53 7.0422280918132 0.25 7 0                         
range_lm2 53 11.333742204959 0.25 8 0                         
range_lm2 53 14.940390277306 0.25 9 0                         
range_lm2 54 16.426504364515 0.25 1 0                         
range_lm2 54 16.178237829946 0.25 2 0                         
range_lm2 54 14.095337482942 0.25 3 0                         
range_lm2 54 11.408391754143 0.25 4 0                         
range_lm2 54 7.0995076355949 0.25 5 0                         
range_lm2 54 4.2655885235181 0.25 6 0                         
range_lm2 54 7.911981295897 0.25 7 0                         
range_lm2 54 11.38688779446 0.25 8 0                         
range_lm2 54 14.50864673265 0.25 9 0                         
range_lm2 55 16.005101147568 0.25 1 0                         
range_lm2 55 15.578336707926 0.25 2 0                         
range_lm2 55 12.944864618211 0.25 3 0                         
range_lm2 55 9.0175193740143 0.25 4 0                         
range_lm2 55 6.4416952803771 0.25 5 0                         
range_lm2 55 5.003693432132 0.25 6 0                         
range_lm2 55 8.4710611648265 0.25 7 0                         
range_lm2 55 12.479803312293 0.25 8 0                         
range_lm2 55 14.948458255367 0.25 9 0                         
range_lm2 56 15.156963688199 0.25 1 0                         
range_lm2 56 15.010008255417 0.25 2 0                         
range_lm2 56 13.298027467775 0.25 3 0                         
range_lm2 56 9.8062385699192 0.25 4 0                         
range_lm2 56 7.1401998812678 0.25 5 0                         
range_lm2 56 6.1690201809987 0.25 6 0                         
range_lm2 56 8.3133984721295 0.25 7 0                         
range_lm2 56 10.597950904975 0.25 8 0                         
range_lm2 56 14.483348266764 0.25 9 0                         
range_lm2 57 13.715602306089 0.25 1 0                         
range_lm2 57 15.201694935812 0.25 2 0                         
range_lm2 57 12.563576591282 0.25 3 0                         
range_lm2 57 10.425188557553 0.25 4 0                         
range_lm2 57 8.4503636336299 0.25 5 0                         
range_lm2 57 5.9158395717889 0.25 6 0                         
range_lm2 57 8.16017593623 0.25 7 0                         
range_lm2 57 10.928788548227 0.25 8 0                         
range_lm2 57 13.181931659735 0.25 9 0                         
range_lm2 58 12.975223252723 0.25 1 0                         
range_lm2 58 13.901143382469 0.25 2 0                         
range_lm2 58 12.351924515398 0.25 3 0                         
range_lm2 58 11.198044066579 0.25 4 0                         
range_lm2 58 8.5841336382859 0.25 5 0                         
range_lm2 58 7.482456349512 0.25 6 0                         
range_lm2 58 7.4345824774897 0.25 7 0                         
range_lm2 58 10.006241554331 0.25 8 0                         
range_lm2 58 11.670861027332 0.25 9 0                         
range_lm2 59 12.031572215308 0.25 1 0                         
range_lm2 59 12.067424436382 0.25 2 0                         
range_lm2 59 13.102124445784 0.25 3 0                         
range_lm2 59 12.495040834936 0.25 4 0                         
range_lm2 59 9.5457585010764 0.25 5 0                         
range_lm2 59 8.9454107834786 0.25 6 0                         
range_lm2 59 7.7912416556607 0.25 7 0                         
range_lm2 59 8.6786878896918 0.25 8 0                         
range_lm2 59 10.962742126736 0.25 9 0                         
range_lm2 60 11.391386284404 0.25 1 0                         
range_lm2 60 13.073805066439 0.25 2 0                         
range_lm2 60 12.53964726632 0.25 3 0                         
range_lm2 60 12.322202679099 0.25 4 0                         
range_lm2 60 10.937402108198 0.25 5 0                         
range_lm2 60 9.1605258645497 0.25 6 0                         
range_lm2 60 8.1929635536129 0.25 7 0                         
range_lm2 60 8.2163578842359 0.25 8 0                         
range_lm2 60 9.1874506671941 0.25 9 0                         
range_lm2 61 11.271904072431 0.25 1 0                         
range_lm2 61 11.350037387897 0.25 2 0                         
range_lm2 61 12.536855809034 0.25 3 0                         
range_lm2 61 11.367620445515 0.25 4 0                         
range_lm2 61 11.037969235663 0.25 5 0                         
range_lm2 61 10.46693187186 0.25 6 0                         
range_lm2 61 8.8568702218793 0.25 7 0                         
range_lm2 61 8.9305876414046 0.25 8 0                         
range_lm2 61 10.641804641314 0.25 9 0                         
range_lm2 62 10.839798110835 0.25 1 0                         
range_lm2 62 10.954512060946 0.25 2 0                         
range_lm2 62 11.063857546078 0.25 3 0                         
range_lm2 62 10.458662311527 0.25 4 0                         
range_lm2 62 11.036820583455 0.25 5 0                         
range_lm2 62 9.9558649247687 0.25 6 0                         
range_lm2 62 10.563027574905 0.25 7 0                         
range_lm2 62 9.8270160558869 0.25 8 0                         
range_lm2 62 11.067632124338 0.25 9 0                         
range_lm2 63 10.488235658951 0.25 1 0                         
range_lm2 63 8.5187390520701 0.25 2 0                         
range_lm2 63 9.9166756985919 0.25 3 0                         
range_lm2 63 10.815793837185 0.25 4 0                         
range_lm2 63 10.352464520865 0.25 5 0                         
range_lm2 63 10.502850472048 0.25 6 0                         
range_lm2 63 11.217165136834 0.25 7 0                         
range_lm2 63 11.667870676443 0.25 8 0                         
range_lm2 63 11.052312214731 0.25 9 0                         
range_lm2 64 10.142591131873 0.25 1 0                         
range_lm2 64 9.4890870374606 0.25 2 0                         
range_lm2 64 9.2857126874139 0.25 3 0                         
range_lm2 64 9.5147270634991 0.25 4 0                         
range_lm2 64 10.805402639123 0.25 5 0                         
range_lm2 64 11.515157931044 0.25 6 0                         
range_lm2 64 12.330778404744 0.25 7 0                         
range_lm2 64 12.133397487635 0.25 8 0                         
range_lm2 64 10.389094996037 0.25 9 0                         
range_lm2 65 9.6534648484323 0.25 1 0                         
range_lm2 65 7.8128954578702 0.25 2 0                         
range_lm2 65 8.0977291663711 0.25 3 0                         
range_lm2 65 7.958041410452 0.25 4 0                         
range_lm2 65 10.734494746008 0.25 5 0                         
range_lm2 65 12.786579065865 0.25 6 0                         
range_lm2 65 13.187434541268 0.25 7 0                         
range_lm2 65 13.432361289494 0.25 8 0                         
range_lm2 65 11.588212769733 0.25 9 0                         
range_lm2 66 10.652527609359 0.25 1 0                         
range_lm2 66 8.1674236581638 0.25 2 0                         
range_lm2 66 9.201356060718 0.25 3 0                         
range_lm2 66 8.3713651313259 0.25 4 0                         
range_lm2 66 10.356240674531 0.25 5 0                         
range_lm2 66 11.893421836994 0.25 6 0                         
range_lm2 66 12.673176729605 0.25 7 0                         
range_lm2 66 13.010842253671 0.25 8 0                         
range_lm2 66 11.195250345881 0.25 9 0                         
range_lm2 67 11.413696269417 0.25 1 0                         
range_lm2 67 9.5875983081911 0.25 2 0                         
range_lm2 67 7.5118685998462 0.25 3 0                         
range_lm2 67 7.7515968626671 0.25 4 0                         
range_lm2 67 9.0883296633045 0.25 5 0                         
range_lm2 67 10.79555632747 0.25 6 0                         
range_lm2 67 12.249374273678 0.25 7 0                         
range_lm2 67 14.064457051881 0.25 8 0                         
range_lm2 67 13.298592226417 0.25 9 0                         
range_lm2 68 13.080042818355 0.25 1 0                         
range_lm2 68 10.733970023038 0.25 2 0                         
range_lm2 68 7.8685425350269 0.25 3 0                         
range_lm2 68 6.9530133630758 0.25 4 0                         
range_lm2 68 8.0196661645304 0.25 5 0                         
range_lm2 68 10.558296164406 0.25 6 0                         
range_lm2 68 12.361911203015 0.25 7 0                         
range_lm2 68 14.248996495169 0.25 8 0                         
range_lm2 68 14.694186052151 0.25 9 0                         
range_lm2 69 13.70526239766 0.25 1 0                         
range_lm2 69 11.559836971262 0.25 2 0                         
range_lm2 69 8.4545118679976 0.25 3 0                         
range_lm2 69 7.5309482405126 0.25 4 0                         
range_lm2 69 6.6049652080959 0.25 5 0                         
range_lm2 69 9.9925010960601 0.25 6 0                         
range_lm2 69 12.80871306471 0.25 7 0                         
range_lm2 69 14.064777242775 0.25 8 0                         
range_lm2 69 15.237483207874 0.25 9 0                         
range_lm2 70 15.069474752716 0.25 1 0                         
range_lm2 70 12.006210682906 0.25 2 0                         
range_lm2 70 8.437105873005 0.25 3 0                         
range_lm2 70 5.1755664362329 0.25 4 0                         
range_lm2 70 5.8904192483816 0.25 5 0                         
range_lm2 70 9.3103316589265 0.25 6 0                         
range_lm2 70 12.867950012225 0.25 7 0                         
range_lm2 70 15.016183694092 0.25 8 0                         
range_lm2 70 16.415687089055 0.25 9 0                         
range_lm2 71 14.854113538317 0.25 1 0                         
range_lm2 71 11.84080267319 0.25 2 0                         
range_lm2 71 7.1915911405268 0.25 3 0                         
range_lm2 71 3.3688464798646 0.25 4 0                         
range_lm2 71 6.544089034242 0.25 5 0                         
range_lm2 71 11.004653984653 0.25 6 0                         
range_lm2 71 14.772150686577 0.25 7 0                         
range_lm2 71 15.326562517483 0.25 8 0                         
range_lm2 71 16.619817858033 0.25 9 0                         
range_lm2 72 14.973780164528 0.25 1 0                         
range_lm2 72 11.255198390766 0.25 2 0                         
range_lm2 72 6.5932014228574 0.25 3 0                         
range_lm2 72 4.7567560040493 0.25 4 0                         
range_lm2 72 6.5273477141558 0.25 5 0                         
range_lm2 72 11.75439696856 0.25 6 0                         
range_lm2 72 15.397562544435 0.25 7 0                         
range_lm2 72 16.036310986736 0.25 8 0                         
range_lm2 72 17.145378257343 0.25 9 0                         
range_lm2 73 15.717822903498 0.25 1 0                         
range_lm2 73 10.718169636343 0.25 2 0                         
range_lm2 73 5.6441520478985 0.25 3 0                         
range_lm2 73 2.5617828691209 0.25 4 0                         
range_lm2 73 7.929700874218 0.25 5 0                         
range_lm2 73 13.139976786687 0.25 6 0                         
range_lm2 73 15.527164293426 0.25 7 0                         
range_lm2 73 17.157565360312 0.25 8 0                         
range_lm2 73 17.125949981729 0.25 9 0                         
range_lm2 74 15.196693067754 0.25 1 0                         
range_lm2 74 11.133333409833 0.25 2 0                         
range_lm2 74 5.2650712094714 0.25 3 0                         
range_lm2 74 3.0125295071924 0.25 4 0                         
range_lm2 74 8.0929041672224 0.25 5 0                         
range_lm2 74 13.624780805557 0.25 6 0                         
range_lm2 74 17.406912817676 0.25 7 0                         
range_lm2 74 18.299559621401 0.25 8 0                         
range_lm2 74 18.083124938462 0.25 9 0                         
range_lm2 75 15.507101378005 0.25 1 0                         
range_lm2 75 11.036390521329 0.25 2 0                         
range_lm2 75 5.0394876576933 0.25 3 0                         
range_lm2 75 2.2030740172168 0.25 4 0                         
range_lm2 75 9.8477663328699 0.25 5 0                         
range_lm2 75 14.245926489735 0.25 6 0                         
range_lm2 75 17.464900063988 0.25 7 0                         
range_lm2 75 19.200628833058 0.25 8 0                         
range_lm2 75 18.309527970667 0.25 9 0                         
range_lm2 76 14.563361418954 0.25 1 0                         
range_lm2 76 9.2783339603363 0.25 2 0                         
range_lm2 76 2.9025350880835 0.25 3 0                         
range_lm2 76 3.9384356422199 0.25 4 0                         
range_lm2 76 8.9710695361743 0.25 5 0                         
range_lm2 76 15.603022012473 0.25 6 0                         
range_lm2 76 17.65093651817 0.25 7 0                         
range_lm2 76 19.345038328954 0.25 8 0                         
range_lm2 76 18.090399710888 0.25 9 0                         
range_lm2 77 13.120189522748 0.25 1 0                         
range_lm2 77 7.6388197911962 0.25 2 0                         
range_lm2 77 2.3087800454216 0.25 3 0                         
range_lm2 77 5.5025392324146 0.25 4 0                         
range_lm2 77 10.546764095886 0.25 5 0                         
range_lm2 77 15.646945144116 0.25 6 0                         
range_lm2 77 17.645290191646 0.25 7 0                         
range_lm2 77 17.067383168761 0.25 8 0                         
range_lm2 77 16.444747636116 0.25 9 0                         
range_lm2 78 12.891812830881 0.25 1 0                         
range_lm2 78 7.5269136006205 0.25 2 0                         
range_lm2 78 3.7813229734213 0.25 3 0                         
range_lm2 78 6.2631790606177 0.25 4 0                         
range_lm2 78 10.439228132001 0.25 5 0                         
range_lm2 78 16.719231850013 0.25 6 0                         
range_lm2 78 18.377833127032 0.25 7 0                         
range_lm2 78 17.378007887982 0.25 8 0                         
range_lm2 78 16.353506194232 0.25 9 0                         
range_lm2 79 11.526134363104 0.25 1 0                         
range_lm2 79 6.0710016843787 0.25 2 0                         
range_lm2 79 2.0505665711094 0.25 3 0                         
range_lm2 79 6.6099031270867 0.25 4 0                         
range_lm2 79 12.240999228388 0.25 5 0                         
range_lm2 79 15.617080672991 0.25 6 0                         
range_lm2 79 17.430899566338 0.25 7 0                         
range_lm2 79 17.755870277144 0.25 8 0                         
range_lm2 79 16.830333091424 0.25 9 0                         
range_lm2 80 10.735631846627 0.25 1 0                         
range_lm2 80 5.8711044207634 0.25 2 0                         
range_lm2 80 3.1046282075017 0.25 3 0                         
range_lm2 80 7.2997193806441 0.25 4 0                         
range_lm2 80 12.339944788576 0.25 5 0                         
range_lm2 80 16.633877026147 0.25 6 0                         
range_lm2 80 17.957497691336 0.25 7 0                         
range_lm2 80 17.380426247952 0.25 8 0                         
range_lm2 80 15.275265338262 0.25 9 0                         
range_lm2 81 11.327177081469 0.25 1 0                         
range_lm2 81 6.33702050661 0.25 2 0                         
range_lm2 81 4.0839224107733 0.25 3 0                         
range_lm2 81 8.1978939642944 0.25 4 0                         
range_lm2 81 12.819651452985 0.25 5 0                         
range_lm2 81 15.534892811525 0.25 6 0                         
range_lm2 81 17.675607281437 0.25 7 0                         
range_lm2 81 17.071352324298 0.25 8 0                         
range_lm2 81 14.412900497962 0.25 9 0                         
range_lm2 82 9.2715166590082 0.25 1 0                         
range_lm2 82 5.7638879714245 0.25 2 0                         
range_lm2 82 4.668024886428 0.25 3 0                         
range_lm2 82 8.663714598591 0.25 4 0                         
range_lm2 82 11.84030674498 0.25 5 0                         
range_lm2 82 15.604635024857 0.25 6 0                         
range_lm2 82 15.88488195464 0.25 7 0                         
range_lm2 82 15.503629043272 0.25 8 0                         
range_lm2 82 13.304486069621 0.25 9 0                         
range_lm2 83 10.55049682258 0.25 1 0                         
range_lm2 83 7.5026254300662 0.25 2 0                         
range_lm2 83 6.2117627457065 0.25 3 0                         
range_lm2 83 8.1019095661213 0.25 4 0                         
range_lm2 83 11.23596700595 0.25 5 0                         
range_lm2 83 13.647566621028 0.25 6 0                         
range_lm2 83 15.292681141582 0.25 7 0                         
range_lm2 83 15.078819580532 0.25 8 0                         
range_lm2 83 13.582644851769 0.25 9 0                         
range_lm2 84 10.386317713682 0.25 1 0                         
range_lm2 84 7.1322170330071 0.25 2 0                         
range_lm2 84 7.5823297381362 0.25 3 0                         
range_lm2 84 8.7381960914009 0.25 4 0                         
range_lm2 84 10.713384464206 0.25 5 0                         
range_lm2 84 12.928193962932 0.25 6 0                         
range_lm2 84 13.887894316638 0.25 7 0                         
range_lm2 84 13.644766382269 0.25 8 0                         
range_lm2 84 12.221517782709 0.25 9 0                         
range_lm2 85 9.8591783222735 0.25 1 0                         
range_lm2 85 8.205822384544 0.25 2 0                         
range_lm2 85 8.6659467638268 0.25 3 0                         
range_lm2 85 9.8204383928789 0.25 4 0                         
range_lm2 85 11.066069713126 0.25 5 0                         
range_lm2 85 12.29242210137 0.25 6 0                         
range_lm2 85 13.680372096005 0.25 7 0                         
range_lm2 85 12.542200843768 0.25 8 0                         
range_lm2 85 11.444835673542 0.25 9 0                         
range_lm2 86 8.962054195146 0.25 1 0                         
range_lm2 86 8.3423923720835 0.25 2 0                         
range_lm2 86 8.2823823441305 0.25 3 0                         
range_lm2 86 10.266639086953 0.25 4 0                         
range_lm2 86 11.718538956979 0.25 5 0                         
range_lm2 86 13.047239621563 0.25 6 0                         
range_lm2 86 12.158186933374 0.25 7 0                         
range_lm2 86 13.046081307507 0.25 8 0                         
range_lm2 86 11.260717909018 0.25 9 0                         
range_lm2 87 7.4119934704848 0.25 1 0                         
range_lm2 87 6.1133326920995 0.25 2 0                         
range_lm2 87 9.5514225004301 0.25 3 0                         
range_lm2 87 10.934926998174 0.25 4 0                         
range_lm2 87 13.214483138767 0.25 5 0                         
range_lm2 87 13.950040813223 0.25 6 0                         
range_lm2 87 13.604422981179 0.25 7 0                         
range_lm2 87 12.627014876351 0.25 8 0                         
range_lm2 87 10.187318630025 0.25 9 0                         
range_lm2 88 6.1004487216237 0.25 1 0                         
range_lm2 88 7.3064461025756 0.25 2 0                         
range_lm2 88 9.0351235534058 0.25 3 0                         
range_lm2 88 11.929733327904 0.25 4 0                         
range_lm2 88 13.839324320045 0.25 5 0                         
range_lm2 88 14.576717024458 0.25 6 0                         
range_lm2 88 13.4376424618 0.25 7 0                         
range_lm2 88 11.523866983239 0.25 8 0                         
range_lm2 88 8.6419833642612 0.25 9 0                         
range_lm2 89 6.5159085473841 0.25 1 0                         
range_lm2 89 6.7576779456978 0.25 2 0                         
range_lm2 89 9.9930837861948 0.25 3 0                         
range_lm2 89 13.288531587707 0.25 4 0                         
range_lm2 89 14.135922466338 0.25 5 0                         
range_lm2 89 14.617940129063 0.25 6 0                         
range_lm2 89 14.011115338861 0.25 7 0                         
range_lm2 89 12.005769005015 0.25 8 0                         
range_lm2 89 8.0225981795683 0.25 9 0                         
range_lm2 90 4.6118357346787 0.25 1 0                         
range_lm2 90 6.8650936441716 0.25 2 0                         
range_lm2 90 10.550926615286 0.25 3 0                         
range_lm2 90 13.996733056336 0.25 4 0                         
range_lm2 90 16.04658487831 0.25 5 0                         
range_lm2 90 16.512291273642 0.25 6 0                         
range_lm2 90 13.672450815379 0.25 7 0                         
range_lm2 90 11.668301796421 0.25 8 0                         
range_lm2 90 7.9808286238555 0.25 9 0                         
range_lm2 91 4.4463427914349 0.25 1 0                         
range_lm2 91 7.6439861959621 0.25 2 0                         
range_lm2 91 11.701156120135 0.25 3 0                         
range_lm2 91 13.299709139299 0.25 4 0                         
range_lm2 91 15.593542102668 0.25 5 0                         
range_lm2 91 15.145133157291 0.25 6 0                         
range_lm2 91 14.019292503785 0.25 7 0                         
range_lm2 91 10.035063173734 0.25 8 0                         
range_lm2 91 6.4778778664527 0.25 9 0                         
range_lm2 92 6.4128560055611 0.25 1 0                         
range_lm2 92 8.8380163667327 0.25 2 0                         
range_lm2 92 12.659660268223 0.25 3 0                         
range_lm2 92 14.896784467323 0.25 4 0                         
range_lm2 92 15.81576847954 0.25 5 0                         
range_lm2 92 14.982655369477 0.25 6 0                         
range_lm2 92 12.148237420932 0.25 7 0                         
range_lm2 92 9.5931192288419 0.25 8 0                         
range_lm2 92 6.4610573938376 0.25 9 0                         
range_lm2 93 6.611265631954 0.25 1 0                         
range_lm2 93 9.1403252065691 0.25 2 0                         
range_lm2 93 12.8547794091 0.25 3 0                         
range_lm2 93 15.781674979451 0.25 4 0                         
range_lm2 93 15.232350515181 0.25 5 0                         
range_lm2 93 14.516295834892 0.25 6 0                         
range_lm2 93 12.063463224621 0.25 7 0                         
range_lm2 93 8.1381384867678 0.25 8 0                         
range_lm2 93 5.9465705749922 0.25 9 0                         
range_lm2 94 7.1489405662529 0.25 1 0                         
range_lm2 94 9.4076727077295 0.25 2 0                         
range_lm2 94 14.773716733879 0.25 3 0                         
range_lm2 94 16.120795719841 0.25 4 0                         
range_lm2 94 16.177843067155 0.25 5 0                         
range_lm2 94 14.48889348689 0.25 6 0                         
range_lm2 94 10.99629889322 0.25 7 0                         
range_lm2 94 6.9978065026786 0.25 8 0                         
range_lm2 94 5.0621375681452 0.25 9 0                         
range_lm2 95 8.047966734516 0.25 1 0                         
range_lm2 95 12.551300915013 0.25 2 0                         
range_lm2 95 14.039796014145 0.25 3 0                         
range_lm2 95 16.923830698145 0.25 4 0                         
range_lm2 95 15.174169008771 0.25 5 0                         
range_lm2 95 14.119999069494 0.25 6 0                         
range_lm2 95 10.357445647986 0.25 7 0                         
range_lm2 95 5.6220012018466 0.25 8 0                         
range_lm2 95 6.2374344459971 0.25 9 0                         
range_lm2 96 7.8537804775458 0.25 1 0                         
range_lm2 96 11.306752408799 0.25 2 0                         
range_lm2 96 13.8737828197 0.25 3 0                         
range_lm2 96 14.997614844341 0.25 4 0                         
range_lm2 96 14.820374098213 0.25 5 0                         
range_lm2 96 12.935752946559 0.25 6 0                         
range_lm2 96 10.812508729617 0.25 7 0                         
range_lm2 96 7.4216003051763 0.25 8 0                         
range_lm2 96 6.4490033273005 0.25 9 0                         
range_lm2 97 8.8503747687123 0.25 1 0                         
range_lm2 97 12.346716172827 0.25 2 0                         
range_lm2 97 13.617058934015 0.25 3 0                         
range_lm2 97 14.260749739489 0.25 4 0                         
range_lm2 97 14.002470804512 0.25 5 0                         
range_lm2 97 11.235093419403 0.25 6 0                         
range_lm2 97 8.0027486582978 0.25 7 0                         
range_lm2 97 6.7598377152848 0.25 8 0                         
range_lm2 97 6.5312564296363 0.25 9 0                         
range_lm2 98 10.375995977572 0.25 1 0                         
range_lm2 98 11.908922032808 0.25 2 0                         
range_lm2 98 14.117397176232 0.25 3 0                         
range_lm2 98 13.391188624552 0.25 4 0                         
range_lm2 98 13.060699513216 0.25 5 0                         
range_lm2 98 11.150576278209 0.25 6 0                         
range_lm2 98 8.9190718074255 0.25 7 0                         
range_lm2 98 6.8661169903263 0.25 8 0                         
range_lm2 98 7.9721695309271 0.25 9 0                         
range_lm2 99 10.694150936272 0.25 1 0                         
range_lm2 99 12.059143842041 0.25 2 0                         
range_lm2 99 12.994617631757 0.25 3 0                         
range_lm2 99 12.694097720541 0.25 4 0                         
range_lm2 99 11.613458294732 0.25 5 0                         
range_lm2 99 9.5612532769459 0.25 6 0                         
range_lm2 99 7.723307342652 0.25 7 0                         
range_lm2 99 7.5215915592017 0.25 8 0                         
range_lm2 99 8.7890953308943 0.25 9 0                         
